"","SNP","Trait","Whole","Indiv","PVE","whole","indiv","pve"
"1","SJ01_320309248","FHBDON",0.0122108233312308,-0.00785903354280437,0.0200698568740352,"0.0206694937882014",NA,NA
"2","SJ02_140707817","FHBDON",0.0122108233312308,0.0145359469583579,-0.00232512362712711,NA,NA,NA
"3","SJ03_533092483","FHBDON",0.0122108233312308,0.0148805237883339,-0.00266970045710313,NA,NA,NA
"4","SS02_476215400","FHBDON",0.0122108233312308,0.0145431713629799,-0.00233234803174909,NA,NA,NA
"5","SS05_332031903","FHBDON",0.0122108233312308,0.0133003857605036,-0.00108956242927283,NA,NA,NA
"6","SS06_83112789","FHBDON",0.0122108233312308,0.0122385952529924,-2.77719217616212e-05,NA,NA,NA
"7","SV03_478717202","FHBDON",0.0122108233312308,0.0140828113333757,-0.00187198800214494,NA,NA,NA
"8","SV07_664789157","FHBDON",0.0122108233312308,0.0117455127790694,0.000465310552161369,NA,NA,NA
"9","SJ05_43784785","FHBD3G.DON",-0.00278474044307542,-0.00154750423772887,-0.00123723620534655,NA,NA,"NA"
"10","SS04_70589221","FHBD3G.DON",-0.00278474044307542,-0.00447334170844682,0.0016886012653714,NA,NA,"NA"
"11","SV02_394911464","FHBD3G.DON",-0.00278474044307542,-0.00134955179833529,-0.00143518864474013,NA,NA,"NA"
"12","SV02_590255485","FHBD3G.DON",-0.00278474044307542,-0.00137321831587633,-0.00141152212719908,NA,NA,"NA"
"13","SJ07_60561704","PTHT",0.00479298584437038,0.0046655508359017,0.000127435008468679,NA,NA,NA
"14","SS07_129127730","PTHT",0.00479298584437038,0.00476916280286743,2.38230415029461e-05,NA,NA,NA
"15","SV04_405883624","PTHT",0.00479298584437038,-8.74249429536622e-05,0.00488041078732404,"0.00457815239628612",NA,NA
"16","SJ02_680787718","STMANG",0.00983233417081242,-0.00186572420856934,0.0116980583793818,"0.0118826141952354",NA,NA
"17","SJ04_4086382","STMANG",0.00983233417081242,0.0118826141952354,-0.00205028002442298,NA,NA,NA
"18","SJ02_627219003","HDANG",0.0184145156492312,0.00596010202673825,0.012454413622493,"0.0188022371055128","0.00526177462146138","0.0135404624840514"
"19","SJ05_468911509","HDANG",0.0184145156492312,0.0104941818663777,0.00792033378285351,"0.0188022371055128","0.0133696702453975","0.00543256686011528"
"20","SJ06_546958441","HDANG",0.0184145156492312,0.0173693836189733,0.00104513203025791,NA,NA,NA
"21","SJ06_547551925","HDANG",0.0184145156492312,0.0190721468118469,-0.000657631162615635,NA,NA,NA
"22","SS04_75793122","HDANG",0.0184145156492312,0.0206553863388687,-0.00224087068963741,NA,NA,NA
"23","SS07_384868013","HDANG",0.0184145156492312,0.0181044322227782,0.000310083426453001,NA,NA,NA
"24","SJ07_110440439","SPKYLD",-0.0092995981495716,-0.00737015855010115,-0.00192943959947045,NA,NA,"NA"
"25","SJ07_441485323","SPKYLD",-0.0092995981495716,-0.0109413234861508,0.00164172533657925,NA,NA,"NA"
"26","SS01_69927979","SPKYLD",-0.0092995981495716,-0.00694677978875324,-0.00235281836081835,NA,NA,"NA"
"27","SS06_24099466","SPKYLD",-0.0092995981495716,-0.00751835675155643,-0.00178124139801517,NA,NA,"NA"
"28","SS07_133393354","SPKYLD",-0.0092995981495716,-0.00743280253514422,-0.00186679561442737,NA,NA,"NA"
"29","SV01_206124266","SPKYLD",-0.0092995981495716,-0.00813285604954106,-0.00116674210003054,NA,NA,"NA"
"30","SV06_102610885","SPKYLD",-0.0092995981495716,-0.00691081138572458,-0.00238878676384702,NA,NA,"NA"
"31","SJ01_10162383","SPKDEN",0.0659529937965304,0.0419409011474663,0.0240120926490641,"0.0745973150581262","0.0514009129372134","0.0231964021209128"
"32","SJ01_400972679","SPKDEN",0.0659529937965304,0.0301407027255356,0.0358122910709948,"0.0745973150581262","0.0375999237743422","0.036997391283784"
"33","SJ03_118524570","SPKDEN",0.0659529937965304,0.0681931829535071,-0.00224018915697666,NA,NA,NA
"34","SJ03_598048237","SPKDEN",0.0659529937965304,0.0660142981338694,-6.13043373389743e-05,NA,NA,NA
"35","SS04_329197898","SPKDEN",0.0659529937965304,0.0681545397863607,-0.00220154598983024,NA,NA,NA
"36","SS07_134934580","SPKDEN",0.0659529937965304,0.0677646124474839,-0.00181161865095347,NA,NA,NA
"37","SV01_7732815","SPKDEN",0.0659529937965304,0.0668112872287314,-0.000858293432201007,NA,NA,NA
"38","SV02_172479310","SPKDEN",0.0659529937965304,0.0591525510510981,0.00680044274543234,"0.0745973150581262","0.0683817150729235","0.00621559998520271"
"39","SV04_80560865","SPKDEN",0.0659529937965304,0.0678299376394904,-0.00187694384296,NA,NA,NA
